%YAML:1.0
---
model_type: PINHOLE
camera_name: camera
image_width: 640
image_height: 480
distortion_parameters:
   k1: 0
   k2: 0
   p1: 0
   p2: 0
projection_parameters:
   fx: 380.0203552246094
   fy: 380.0203552246094
   cx: 323.84814453125
   cy: 239.0269012451172
